35160
44050
35160.5
35186
48980
48900
47607
11165.7
45125.1
51210
37252.2
49414
87100
17592.72
35291
5193
45113
35143
52052
52852
32282
44031
44030.5
1126
46600
48911
51220
60119
52060
54950
1090
51520
48907
35031
6318
48933
48915
48902
12940
60605
49069
48852.7
48000
48206.3
32280
35256
6311
1232
7054
15278
49406
44691
38133
35145
54954.2
42600
7114
39879
32221
1758
44830.1
44258.3
48204.1
48204
49403
48853.5
48070.5
35183
32255.1
32020
51747
56301
5091
35208
49076
60200
6253
35010
35035
53235
42100
39807.5
20111
17554
42801
44033
32288
32001
5401
39831.5
49431.2
49490
49073
35161
12950.1
44277
44258.9
44500
53260
44112
1102.8
44043.5
12945.2
45391
44951
11166
51101
48260.5
48901
1797.196
8427
18275
51226
51938
51933
60640
4071
60615
46120
17302
47604.32
47605
51006
32286
52176
4622
6250
7055
7058
15280
4600
4631
38134
38133.5
33050
49073.6
42127
41020
49013
4630
17545
17545.5
60511
41030
35182.5
42810
35168
60201
10442
17608
41021
35214
39800.1
4960
44664
44830.3
6254
44040
44929.21
24214
53262
44010
44279.2
60076
3543.1
3550
44014
44800
11091
44984
45304
87406.3
12945
45104.5
44955
44259
48918
48982
46010.1
49432
48852.5
49069.5
49063
49070
51451
51225.3
49005.8
49050
48900.5
49414.3
49423.1
3051.12
12152
12153
49454
12032
32390
49068.6
52890
60605.8
37223
51204.5
51501
37221
51202
48205
51747.5
51749.5
60002
49001
49602
48000.15
48852.6
51225.1
51225.2
11003
8235
8244
8482.3
17078.52
17280
54957.5
72024.5
87300
52061
52062
64001
56190
56026
56058
56040
49073.1
52064.3
52064.1
52063
52064.5
8760
52065
35021
52164
6253.9
12283
44279.1
42103
53087.8
42130
49011
54222
54227
54233
20113
20101
53060
20111.6
17555
42800
53646
26909
42132
42127.6
50079
50077
50075.3
42920
40051
42926
17070.35
39620
13377
6252
49410.5
10525
13181
17612
13184
13184.1
17213.1
32281
39831
56001
39831.3
56341.1
12517.2
12523
39834
34501.12
49510
49557.5
49431.9
1776
15580
16020
8355
8104
1030
1031
1033
1032
44662
44237
3551
44938
44948.3
44932
45202
44930
44242.5
11165.6
44011
44114
54963
1502
3206
44839
44977
44503
44501
3541.3
45028
45128
44918
45192
1161
44015
44043
4658.7
5110
6401.9
6409.1
5194
45240
45122
45125
12900
12945.6
12945.7
3543.2
3304
45344.5
2612
48204.4
48200
48400
48222
48221
12033
48290
48264
13202.7
48320
48240
46601
49066
48915.5
14103
32283.5
49005
7961
48900.8
35294.2
48900.1
2508
12023
49423.5
49452.8
49452.7
49451
49428
49602.5
35183.5
35295
48918.1
48916
48912
44807
4610
48321
18096
1111
46200
46014
56345
51931
51937
51934
56000
51513
35146
52122
52125
52123
56040.1
51745
47612.5
43503
48904.3
60615.5
16040
18122
12187
49600
11164
6920
56321
56426.9
6321
6315
52200
3832
3825
48853
6312
6394
6398
89503
35141
54952
87200
54952.2
35107
5092
53237
87302
54957.1
35164
54957.2
